0.08453525641025642
0.13862179487179488
0.18209134615384615
0.23377403846153846
0.26542467948717946
0.3228165064102564
0.3602764423076923
0.39232772435897434
0.38651842948717946
0.4152644230769231
0.4391025641025641
0.3931290064102564
0.47265625
0.4082532051282051
0.46334134615384615
0.4590344551282051
0.4818709935897436
0.4948918269230769
0.43689903846153844
0.49108573717948717
0.5088141025641025
0.4909855769230769
0.5087139423076923
0.4986979166666667
0.5217347756410257
0.4723557692307692
0.5360576923076923
0.48808092948717946
0.5194310897435898
0.4970953525641026
0.5057091346153846
0.5104166666666666
0.5186298076923077
0.5400641025641025
0.5406650641025641
0.5504807692307693
0.5303485576923077
0.5608974358974359
0.5410657051282052
0.5454727564102564
0.5684094551282052
0.5662059294871795
0.5708133012820513
0.5669070512820513
0.5567908653846154
0.5521834935897436
0.5529847756410257
0.5667067307692307
0.5486778846153846
0.5769230769230769
0.6039663461538461
0.5741185897435898
0.6100761217948718
0.5794270833333334
0.5971554487179487
0.5872395833333334
0.6010616987179487
0.6144831730769231
0.6100761217948718
0.6314102564102564
0.6158854166666666
