Seed:1
63.930235862731934
127.72602987289429
191.75716710090637
259.100524187088
325.93682074546814
389.76486134529114
451.11853218078613
512.2615399360657
575.1419634819031
637.1995100975037
699.3781995773315
761.4200756549835
825.0013592243195
888.93266248703
952.2981655597687
1016.1703929901123
1077.8320701122284
1142.1971838474274
1209.0526685714722
1272.985503911972
1336.5152897834778
1399.0021979808807
1462.2836487293243
1524.8828988075256
1588.5402252674103
1652.220279932022
1715.155440568924
1777.5857439041138
1841.2406969070435
1903.7248623371124
1966.151211977005
2028.2236487865448
2091.450394153595
2158.7926003932953
2228.09446310997
2293.7309176921844
2359.753781557083
2426.1080532073975
2494.3167243003845
2560.1958808898926
2626.3354609012604
2690.1590888500214
2754.3862869739532
2818.611616373062
2879.9959440231323
2942.33615398407
3007.696525335312
3072.667957544327
3135.8656108379364
3328.828006029129
3520.6574187278748
3711.0726273059845
3902.1097300052643
4092.702329158783
4284.062563896179
4475.771879434586
4667.4129986763
4857.721399784088
5049.320893764496
5249.825320482254
5487.662552118301
